1732984886167 102.09363886646582 0
1732984886216 4.904603956410706 1
1732984886264 0.3795921220100735 2
1732984886313 0.09325811358474584 3
1732984886362 0.07030086659117239 4
1732984886413 0.06885797014415401 5
1732984886463 0.0674881023027904 6
1732984886511 0.06710479584571691 7
1732984886557 0.06700113104605666 8
1732984886606 0.06578615987542144 9
1732984886654 0.06541822632632463 10
1732984886702 0.06545423476989447 11
1732984886749 0.0640912074455274 12
1732984886796 0.0639460777765569 13
1732984886842 0.06425985140083111 14
1732984886891 0.06365069767361936 15
1732984886939 0.06453493342746168 16
1732984886991 0.06258093785483577 17
1732984887040 0.0631642692457727 18
1732984887087 0.06194359384250031 19
1732984887135 0.06348004951335609 20
