1732984862281 319.97758835546307 0
1732984862377 1.4609680384475652 1
1732984862476 0.09441219981343424 2
1732984862573 0.07737737984656896 3
1732984862669 0.07441630229593221 4
1732984862768 0.06926728796759656 5
1732984862863 0.06721348763586693 6
1732984862961 0.06722761542386439 7
1732984863060 0.06677779626017007 8
1732984863156 0.06538699640944644 9
1732984863253 0.06428706661350256 10
1732984863352 0.06331286993291643 11
1732984863456 0.06341119196543105 12
1732984863570 0.06392489145599947 13
1732984863688 0.06606615511306736 14
1732984863822 0.07787086892542155 15
1732984863923 0.09996968611063858 16
1732984864025 0.06190628908581907 17
