1732984820639 97.5540553791841 0
1732984820724 0.08666405800677486 1
1732984820811 0.07743868116998782 2
1732984820897 0.07248330944602664 3
1732984820979 0.07035921692056993 4
1732984821064 0.07643930296288752 5
1732984821147 0.07004962288641765 6
1732984821234 0.06893568717478064 7
1732984821319 0.0711609666580374 8
1732984821404 0.06857117585610734 9
1732984821491 0.07255592895961714 10
1732984821660 0.07547770151199962 11
1732984821748 0.076197353963655 12
1732984821834 0.07176997497926889 13
1732984821919 0.07431406920311179 14
1732984822003 0.07551227611807361 15
1732984822095 0.06747743627773821 16
1732984822182 0.08060326476427854 17
1732984822265 0.07446426562708505 18
1732984822348 0.07315313159657556 19
1732984822432 13.805352726829751 20
1732984822517 1.3032669862546087 21
1732984822601 0.0680799365961837 22
1732984822683 0.06431512003969028 23
