1732972797006 92.92618418333765 0
1732972797055 3.31944468876781 1
1732972797106 0.32598521086924276 2
1732972797157 0.08284936591577467 3
1732972797206 0.1590294003784559 4
1732972797256 0.09202907442733992 5
1732972797307 0.07242786972464518 6
1732972797356 0.0675198188090043 7
1732972797536 0.06619910301926955 8
1732972797587 0.06616815659441896 9
1732972797635 0.0650321620945968 10
1732972797688 0.06481224109953797 11
1732972797739 0.06888106745804813 12
1732972797788 0.06536798096853802 13
1732972797838 0.06307104184383527 14
1732972797888 0.06354028639886974 15
1732972797939 0.06311236717043764 16
1732972797988 0.06453096756472895 17
1732972798037 0.06862823711051898 18
1732972798085 0.06199294763367827 19
1732972798134 0.06257913736257151 20
1732972798187 0.061813311145241946 21
1732972798237 0.06206182465665421 22
1732972798288 0.06337975532119292 23
