1732984844659 31.6509242794409 0
1732984844738 0.08678731828761937 1
1732984844818 0.07335651441260815 2
1732984844899 0.07059214175997777 3
1732984844977 0.06878806843557579 4
1732984845058 0.07106050788887365 5
1732984845137 0.06878779478608019 6
1732984845213 0.0667927517585874 7
1732984845288 0.06660429413193213 8
1732984845365 0.08673811165212374 9
1732984845443 0.07020064042859764 10
1732984845521 0.06889080573441123 11
1732984845599 0.072804808387089 12
1732984845683 0.06638646472559254 13
1732984845762 0.074633618652508 14
1732984845841 0.07082640428629636 15
1732984845921 0.07532788487105477 16
1732984845999 0.08341311601850487 17
1732984846077 0.07510990937375038 18
1732984846153 0.07089445020323384 19
1732984846234 0.08071020664235132 20
1732984846312 0.06880155117325766 21
1732984846391 0.09022633765675482 22
1732984846469 0.08229532299648148 23
1732984846547 0.07711207530159359 24
1732984846628 0.08241087194838628 25
1732984846707 0.09382787688477474 26
1732984846785 0.07766909112952959 27
1732984846863 0.10024091269013843 28
