1732984870703 177.62915631459603 0
1732984870761 5.548486524392487 1
1732984870812 0.4240248243644057 2
1732984870861 0.09175464738757444 3
1732984870911 0.07166490010045388 4
1732984870962 0.06933143389142954 5
1732984871014 0.06883945484819352 6
1732984871067 0.06866950867743385 7
1732984871117 0.06787422542121128 8
1732984871166 0.06675794760942928 9
1732984871220 0.06657266584830923 10
1732984871277 3.595088233169436 11
1732984871332 2.4438296795203933 12
1732984871386 0.23839269212154982 13
1732984871442 0.08146748368474782 14
1732984871493 0.06686074382426191 15
1732984871549 0.06569127331392291 16
1732984871600 0.06456253767106346 17
1732984871650 0.06319986270836478 18
1732984871699 0.06373059195266399 19
1732984871748 0.06277273239776057 20
1732984871797 0.06268979464811757 21
1732984871844 0.06289584173902416 22
