1732984623057 50.12031566919909 0
1732984623173 0.08289868924528683 1
1732984623285 0.07281624700145149 2
1732984623398 0.07087955281494954 3
1732984623510 0.08527486937401998 4
1732984623618 0.06771621980830436 5
1732984623727 0.08291251574508951 6
1732984623841 0.1380068995901031 7
1732984624127 0.08946237242522688 8
1732984624246 0.08154966911744853 9
1732984624376 0.13515945940828838 10
1732984624498 0.09107693794153823 11
1732984624626 0.08754670544506409 12
1732984624755 0.12760724390297395 13
1732984624883 0.23992726779675647 14
1732984625008 0.09496440843568205 15
1732984625138 0.1850078619286413 16
1732984625255 0.2023419399841306 17
1732984625426 0.1439176786804504 18
1732984625550 0.41192295362483633 19
1732984625680 0.4254530175020952 20
1732984625813 0.4110185097291289 21
1732984625946 0.13639059995909433 22
1732984626086 0.15347529000256813 23
1732984626216 0.4434547209223932 24
