1732966493579 0.9852633231592407 0
1732966498200 0.01725676889519925 1
1732966502857 0.01437981263874076 2
1732966507394 0.012922862353954527 3
1732966511914 0.0109110223477986 4
1732966516421 0.011003330263433019 5
1732966520943 0.009814832316191997 6
1732966525464 0.009185486997104128 7
1732966529966 0.008421767575723936 8
1732966534596 0.007293069589347816 9
1732966539099 0.007123660858650759 10
1732966543613 0.007233985331064947 11
1732966548120 0.006522241069965549 12
1732966552622 0.006151835449880625 13
1732966557130 0.005710927839069013 14
1732966561709 0.005438609587148579 15
1732966566222 0.005184152442478874 16
1732966570721 0.00484404804809508 17
1732966575233 0.0045838748684822045 18
1732966579735 0.004293103153708151 19
1732966584232 0.004192369927744939 20
1732966588735 0.0038616933627698643 21
1732966593262 0.0036193394723769783 22
1732966597767 0.003499125724377928 23
1732966602322 0.0033278394761015366 24
1732966606823 0.003131423787054977 25
1732966611328 0.0030536905021059037 26
1732966615832 0.00289402842819555 27
