1732984889804 73.79267327381486 0
1732984889863 2.536710771800103 1
1732984889923 0.2864646529250753 2
1732984889985 0.11799893213691809 3
1732984890044 0.08052685950348237 4
1732984890104 0.06863089403737689 5
1732984890163 0.06665207123031619 6
1732984890222 0.06673935095415433 7
1732984890281 0.06496669987466287 8
1732984890339 0.06445782033220467 9
1732984890399 0.06356251164806823 10
1732984890459 0.06359661228634889 11
1732984890519 0.06359257989830754 12
1732984890581 0.06335008570998273 13
1732984890640 0.06259327366220407 14
1732984890700 0.06278655416494273 15
1732984890984 0.06302651330237699 16
1732984891046 0.06444864552339856 17
