1732972623465 79.39404194250884 0
1732972623552 0.0786714790903596 1
1732972623636 0.06695442551503374 2
1732972623719 0.06632499742589987 3
1732972623802 0.06549305512021307 4
1732972623886 0.06396165967930227 5
1732972623970 0.06550600737948685 6
1732972624055 0.06302994433381408 7
1732972624143 0.06338882351538971 8
1732972624228 0.06531206118654165 9
1732972624315 0.06278732655645003 10
1732972624399 0.06629913273657864 11
1732972624482 0.0650740142414723 12
1732972624568 0.06537955338077364 13
1732972624652 0.06503438531756596 14
1732972624808 0.06349431427628514 15
