1732972770035 27.29069603992286 0
1732972770124 0.08373872845417474 1
1732972770215 0.07263681067136107 2
1732972770304 0.06989331048205422 3
1732972770392 0.06655195269456499 4
1732972770479 0.06918956343022302 5
1732972770565 0.0688098952618633 6
1732972770654 0.07124389261398031 7
1732972770742 0.08198020525669825 8
1732972770831 0.08005895097356903 9
1732972770921 0.07689321390437087 10
1732972771009 0.0884861956911863 11
1732972771094 0.07861253681221152 12
1732972771181 0.09107528241080794 13
1732972771270 0.0817290397085584 14
1732972771360 0.1091607572313646 15
1732972771449 0.12389565189132452 16
1732972771536 0.08101149193725207 17
1732972771624 0.18022178679519074 18
1732972771712 0.2094861702283497 19
1732972771800 0.14519666935802875 20
1732972771886 0.554800479488172 21
