1732966047932 0.799164719222946 0
1732966051863 0.008806323858969805 1
1732966055810 0.002320595489802672 2
1732966059859 0.0026270184461584397 3
1732966063773 0.0033795450380450062 4
1732966067687 0.007965657291387613 5
1732966071591 0.0026122463249372866 6
1732966075502 0.0033961825921479953 7
1732966079399 0.004395715234191795 8
1732966083315 0.0030474762854628924 9
1732966087281 0.0034618835767632134 10
1732966091197 0.0032542343237235054 11
1732966095081 0.003173508049622407 12
1732966098999 0.004699638260049125 13
1732966102909 0.0025082168238134447 14
1732966106806 0.004234206903744742 15
1732966110713 0.0025148307225508473 16
1732966114677 0.0025904238251402423 17
