1732972192194 363.23667251551905 0
1732972192271 14.897093574401396 1
1732972192348 1.6274788637155004 2
1732972192423 0.22365109925288054 3
1732972192500 0.09694632030449629 4
1732972192577 0.07560691197156437 5
1732972192653 0.07447985257624955 6
1732972192731 0.07285965835264728 7
1732972192809 0.07354271087840673 8
1732972192886 0.0725101487621328 9
1732972192963 0.06996457298508788 10
1732972193040 0.06950906592093699 11
1732972193117 0.0689296803975332 12
1732972193194 0.06731477002752136 13
1732972193271 0.06721418821022418 14
1732972193350 0.06592249592887656 15
1732972193428 0.06537527471087246 16
1732972193505 0.06496073901213728 17
1732972193582 0.06425510163982748 18
1732972193657 0.06522456538731916 19
1732972193737 0.0639890703555503 20
1732972193816 0.06297254028065562 21
1732972193897 0.06481735083518439 22
1732972193973 0.06423164288730396 23
1732972194050 0.06398220086773666 24
