1732964375217 0.46045547999596614 0
1732964378324 0.005710900513895887 1
1732964381480 0.05140669656390255 2
1732964384717 0.041489323415972765 3
1732964387858 0.040374771335657346 4
1732964390997 0.036320856424868125 5
1732964394089 0.0387033521637219 6
1732964397239 0.028553796020565597 7
1732964400334 0.030911431117760717 8
1732964403420 0.030422390791220267 9
1732964406593 0.02484068952238581 10
1732964409701 0.02398735971558802 11
1732964412710 0.02359259272856426 12
1732964415750 0.02252391635579229 13
1732964418888 0.01971566764728263 14
1732964422120 0.01945051585547533 15
1732964425231 0.016476140005820462 16
1732964428351 0.015690862315829984 17
1732964431479 0.013957226436596974 18
1732964434602 0.014401403174006459 19
