1732984633503 337.47310936470495 0
1732984633599 0.5392916892682361 1
1732984633706 0.08297179710402015 2
1732984633815 0.12095881343591178 3
1732984633938 0.3078042616080511 4
1732984634048 0.09448061217268504 5
1732984634178 0.07233945362365117 6
1732984634284 0.06869302091125541 7
1732984634386 0.06738976546557408 8
1732984634488 0.0657688869460709 9
1732984634608 0.06508305607047951 10
1732984634713 0.065149397095064 11
1732984634820 0.06773339301074227 12
1732984634924 0.06366782519943165 13
1732984635029 0.3540203768414421 14
1732984635128 0.0733330627199432 15
1732984635226 0.06632709712576412 16
1732984635334 0.0650377017734325 17
1732984635448 0.06332528845369523 18
