1732984836010 51.480799065966934 0
1732984836104 0.07993540953159801 1
1732984836196 0.07447111358733616 2
1732984836286 0.06998922986472017 3
1732984836379 0.0691873604051405 4
1732984836470 0.06973409603137104 5
1732984836564 0.07114327876968721 6
1732984836657 0.07080062726889232 7
1732984836746 0.06790265921284745 8
1732984836833 0.07827707071874385 9
1732984836924 0.06726090799283294 10
1732984837013 0.07289960347445665 11
1732984837100 0.07063421110067943 12
1732984837187 0.07542031977639477 13
1732984837274 0.0738025019937404 14
1732984837362 0.12548872194048694 15
1732984837450 0.12582077974620237 16
1732984837538 0.08870784430396787 17
1732984837626 0.20299322251138902 18
1732984837714 0.1116767052410861 19
1732984837800 0.23087875251006548 20
1732984837889 0.08699642616299401 21
1732984837980 0.24129851191493576 22
1732984838073 0.13737908013528857 23
1732984838163 0.1161702347462078 24
1732984838252 0.2185668786630518 25
1732984838342 0.1937612298813776 26
