1732972590819 58.8712053189548 0
1732972590879 2.585568769501296 1
1732972590937 0.33099760536638023 2
1732972590994 0.08490367339736553 3
1732972591051 0.07516624289374006 4
1732972591108 0.07469997929866413 5
1732972591164 0.07257864235737643 6
1732972591221 0.0720255331220841 7
1732972591276 0.06808423222830474 8
1732972591332 0.07197539518843397 9
1732972591389 0.06911097724822184 10
1732972591445 0.06624033967761359 11
1732972591502 0.06624459240601438 12
1732972591558 0.06388887046048462 13
1732972591614 0.0670522899265877 14
1732972591670 0.06596677736795875 15
1732972591727 0.06444810932701785 16
1732972591784 0.061961680179402616 17
1732972591841 0.06530894651906446 18
1732972591898 0.08287185081441024 19
1732972591954 0.06986191806999123 20
1732972592010 0.06539375913002499 21
1732972592066 0.07174090960501686 22
1732972592123 0.06355496416596731 23
1732972592178 0.06903838152593958 24
1732972592234 0.06733234081648093 25
1732972592290 0.06655011921925687 26
1732972592346 0.06252653383985968 27
