1732972638860 32.343342073090795 0
1732972638947 0.08767771339688056 1
1732972639033 0.07272991066006745 2
1732972639122 0.07164059501716404 3
1732972639210 0.06822720261108128 4
1732972639296 0.06818664235605329 5
1732972639381 0.0826955304802519 6
1732972639468 0.07022660383872226 7
1732972639554 0.07672272102192401 8
1732972639639 0.09013120492206601 9
1732972639723 0.10962601464885213 10
1732972639807 0.07627842754066987 11
1732972639895 0.08778858368209604 12
1732972639979 0.09758821291704328 13
1732972640064 0.28083154799429483 14
1732972640151 0.23627482442065015 15
1732972640236 0.1510041572900824 16
1732972640323 0.6239666447058071 17
1732972640408 0.28340474459864945 18
1732972640493 0.11589116600205647 19
