1732965535516 1.0988382819320586 0
1732965539047 0.22659212542331966 1
1732965542577 0.005835062662716703 2
1732965546077 0.007216513027302328 3
1732965549544 0.0024162589106269624 4
1732965553013 0.002363817330831654 5
1732965556480 0.0024629870983560484 6
1732965559964 0.002266691469144673 7
1732965563602 0.002566296048104702 8
1732965567210 0.00457805984075394 9
1732965570781 0.0032999705224210454 10
1732965574298 0.0026544466365824894 11
1732965577782 0.0025398697103935102 12
1732965581361 0.0029332296362424926 13
1732965584953 0.002393089773095758 14
1732965588485 0.0040297689151429835 15
1732965592092 0.003329288937144788 16
1732965595618 0.003442461036286666 17
1732965599147 0.003934492487923104 18
1732965602660 0.002936432174244874 19
1732965606178 0.002892016558397033 20
1732965609702 0.003295596068164431 21
1732965613237 0.0030278675291251166 22
