1732972757937 55.71498900879527 0
1732972758023 0.074743849898422 1
1732972758109 0.06944441408900619 2
1732972758196 0.06991084627819351 3
1732972758282 0.06974986200448295 4
1732972758367 1.050999398023056 5
1732972758452 0.07100285994580674 6
1732972758537 0.0712492682286381 7
1732972758624 0.07128515067656523 8
1732972758710 0.0760880253136998 9
1732972758797 0.07545185095948964 10
1732972758884 0.08591897569301284 11
1732972758970 0.08700072544348197 12
1732972759058 0.07521678463127604 13
1732972759145 0.0726229718564886 14
1732972759230 0.11374004989842906 15
1732972759316 0.08663880943724539 16
1732972759399 0.12819212788892395 17
1732972759483 0.13931322037338506 18
