1732972580384 212.6259562408595 0
1732972580494 0.09622345994199467 1
1732972580606 0.07587823934513638 2
1732972580728 0.07319579514977347 3
1732972580838 0.07128806393294403 4
1732972580952 0.07343962306040148 5
1732972581062 0.06775571864253378 6
1732972581171 0.06715084617009362 7
1732972581281 0.06950951688741316 8
1732972581392 0.07356419737360119 9
1732972581501 0.06713477909437987 10
1732972581611 0.2887547988943958 11
1732972581720 0.0933623401230181 12
1732972581829 0.08396268835012266 13
1732972581943 0.07402509388885355 14
1732972582055 0.07494003538400061 15
1732972582165 0.07465678723287833 16
1732972582276 0.07341560788064345 17
