1732984697971 17.588174469471074 0
1732984698067 0.07793928046659812 1
1732984698166 0.07302846734649195 2
1732984698259 0.07312534578078617 3
1732984698346 0.06768972116761503 4
1732984698428 0.0714280718430188 5
1732984698507 0.07878389852002424 6
1732984698586 0.06715271348681305 7
1732984698665 0.06845458198652546 8
1732984698751 0.06574463213527448 9
1732984698833 0.08221868388000686 10
1732984698919 0.11874578019920938 11
1732984699010 0.09157295168784359 12
1732984699107 0.07145589214735287 13
1732984699206 0.08454834977522009 14
1732984699292 0.08336844906987459 15
1732984699372 0.08297606690208938 16
1732984699459 0.08912097981369953 17
1732984699545 0.07059472227381784 18
1732984699623 0.09812897761721409 19
1732984699704 0.09467528764340417 20
1732984699782 0.14633447388739557 21
1732984699860 0.15777526390978408 22
1732984699937 0.11038060061284378 23
1732984700014 0.11324848331845576 24
1732984700104 0.09316067992224532 25
1732984700196 0.18405132776877794 26
1732984700278 0.07928107379499477 27
