1732972210487 104.84653460162852 0
1732972210553 0.3637385329568007 1
1732972210618 0.07608736640252038 2
1732972210683 0.07401333653323183 3
1732972210747 0.07113925165639319 4
1732972210813 0.06873255322181526 5
1732972210879 0.06840732481461281 6
1732972210946 0.07190759596239345 7
1732972211012 0.07325611084025635 8
1732972211078 0.06742206427458855 9
1732972211143 0.06414432151127705 10
1732972211209 0.06593988389533803 11
1732972211273 0.06484267109976327 12
1732972211340 0.06411158051237986 13
1732972211405 0.06280613977795388 14
1732972211470 0.06366392300485275 15
1732972211535 0.07202821777066963 16
1732972211599 0.06479419683118759 17
1732972211663 0.06925333687142442 18
1732972211727 0.0681133754233949 19
1732972211792 0.06659102336094834 20
1732972211858 0.06527502775700199 21
1732972211924 0.06949128877702443 22
1732972211989 0.06835284768821998 23
1732972212056 0.08732959645199252 24
1732972212121 0.10478793882549063 25
1732972212187 0.06329579394822314 26
1732972212254 0.07182213815215453 27
1732972212320 0.064284229072947 28
