1732972741231 433.5749916805865 0
1732972741344 0.10578877746482554 1
1732972741458 0.07819479039431557 2
1732972741571 0.07176735436025505 3
1732972741682 0.07062769654108945 4
1732972741791 0.06729377024620527 5
1732972741902 0.06762071406595123 6
1732972742011 0.5745287870543193 7
1732972742121 0.6893842334006506 8
1732972742233 0.10233418603669772 9
1732972742343 0.06523631302006751 10
1732972742454 0.06424210272101799 11
1732972742567 0.06255583947641034 12
1732972742680 0.06426126546657152 13
1732972742792 0.06367726659299076 14
1732972742903 0.06176166202945031 15
1732972743013 0.06123194192734283 16
1732972743122 0.07180641689962029 17
