1732966960891 5.386528126072203 0
1732966965073 0.5047965078267928 1
1732966969406 0.04401414628669597 2
1732966973719 0.10826025223817733 3
1732966978045 0.03856313122885406 4
1732966982277 0.03700633356471986 5
1732966986547 0.004850395170121061 6
1732966990826 0.0036528551596037503 7
1732966995109 0.002294551687275392 8
1732966999372 0.0022292479616329193 9
1732967003546 0.0031025239133437425 10
1732967007873 0.002495357210282803 11
1732967012155 0.0049094943781166035 12
1732967016419 0.002210103679271094 13
1732967020675 0.0023605816258637953 14
1732967024831 0.003156658477103666 15
1732967029096 0.0023125955624904563 16
1732967033358 0.0026962209512553102 17
1732967037614 0.002345828512122768 18
1732967041939 0.00622296298475087 19
1732967046095 0.01178637025858727 20
1732967050357 0.0035478296869227706 21
1732967054617 0.006365583381627493 22
1732967058887 0.002772561011498898 23
