1732972587848 87.30624339042122 0
1732972587898 3.1889102485327596 1
1732972587945 0.3764432963241479 2
1732972587992 0.09758372147702186 3
1732972588039 0.07075273687577334 4
1732972588085 0.06792263633176875 5
1732972588133 0.06663178929693384 6
1732972588181 0.06584313466793316 7
1732972588228 0.06498290010355841 8
1732972588279 0.064304004802748 9
1732972588329 0.06430989493604021 10
1732972588377 0.06420595878481826 11
1732972588423 0.06536994122581691 12
1732972588469 0.06305718868580149 13
