1732972748924 27.660817150362337 0
1732972749008 0.07948614475483662 1
1732972749093 0.08021729422647107 2
1732972749179 0.07190192595700559 3
1732972749263 0.0900688506137813 4
1732972749348 0.07076627131086301 5
1732972749432 0.08625427003240475 6
1732972749518 0.07836856918793474 7
1732972749605 0.13285422996199353 8
1732972749691 0.0939061377980169 9
1732972749776 0.20747758310150216 10
1732972749862 0.10379925521621154 11
1732972749946 0.40418007149340013 12
1732972750031 0.1220863943352382 13
1732972750117 0.19090237248699926 14
1732972750202 1.24861013051214 15
1732972750355 0.12040918820785797 16
1732972750440 0.1454434397376119 17
1732972750527 0.22763499705000653 18
1732972750615 0.2599175688439766 19
1732972750699 0.15841611706499426 20
1732972750783 0.18949788647649796 21
1732972750869 0.27770208514389233 22
1732972750953 0.21300055620436667 23
1732972751037 0.8619046669718341 24
1732972751121 0.31719997780405473 25
1732972751206 0.14211702628121614 26
1732972751291 0.27478472993109937 27
1732972751374 0.12834645133014977 28
