1732965902954 5.725867680007586 0
1732965907827 0.13192384251477013 1
1732965912638 0.02250802394141261 2
1732965917407 0.004696340648143017 3
1732965922149 0.0026286499539385205 4
1732965926896 0.0031510035341087528 5
1732965931630 0.003643308491715478 6
1732965936402 0.0028511600619315846 7
1732965941219 0.004670464699889455 8
1732965945962 0.005269068689984369 9
1732965950711 0.015286761066499057 10
1732965955443 0.0065549605277068 11
1732965960176 0.0052613425913953064 12
1732965964983 0.005630515906537558 13
1732965969731 0.006400929129950858 14
1732965974457 0.006404392391544298 15
1732965979191 0.008863996003059203 16
1732965984009 0.007044774758101205 17
1732965988830 0.004760918856407296 18
1732965993563 0.007724894871060469 19
1732965998383 0.005705165281629839 20
1732966003138 0.0031606429141144165 21
1732966007869 0.005568722000469653 22
1732966012614 0.008087881148355671 23
1732966017350 0.010521009025440552 24
1732966022095 0.008400217790747774 25
1732966026843 0.00441674732857878 26
1732966031599 0.005010090392484901 27
1732966036383 0.007896239960383076 28
1732966041125 0.009629264802227061 29
