1732964770740 0.6680465724397614 0
1732964776920 0.08364503097803712 1
1732964783261 0.017924354337180183 2
1732964789668 0.0034302634696498748 3
1732964795996 0.002220480650833122 4
1732964802333 0.002267275706340479 5
1732964809172 0.002261755487069141 6
1732964815119 0.0022721896978828413 7
1732964821014 0.00228216291999422 8
1732964826983 0.002267759674568766 9
1732964832931 0.0022901816540925775 10
1732964838853 0.0022816727330407073 11
1732964844755 0.0022886297123081802 12
1732964850675 0.002286533410559818 13
1732964856618 0.0022676883750436462 14
1732964862538 0.0023010583031874785 15
1732964868521 0.002283123884791641 16
1732964874462 0.0023990284944728425 17
