1732984882612 740.3174091265344 0
1732984882671 27.740770719102937 1
1732984882731 1.8284538903419247 2
1732984882793 0.21592474768627515 3
1732984882851 0.09091359085575239 4
1732984882910 0.07426145087203523 5
1732984882970 0.468002587361478 6
1732984883039 0.13164100753004845 7
1732984883103 0.07220657649185962 8
1732984883174 0.06679547782981252 9
1732984883245 0.06581880730982492 10
1732984883318 0.14451080453235648 11
1732984883376 0.1715031729071541 12
1732984883436 0.07447162468593185 13
1732984883502 0.06453601239290013 14
1732984883570 0.06387456011616843 15
