1732972174156 46.43889025938937 0
1732972174210 0.2080390812143542 1
1732972174265 0.07812103380026954 2
1732972174318 0.0728356662108366 3
1732972174373 0.07040932527412082 4
1732972174428 0.07028177476532926 5
1732972174482 0.06714656978591627 6
1732972174535 0.06925273266377038 7
1732972174590 0.06911811549051673 8
1732972174644 0.06628831139463787 9
1732972174699 0.06852845182402413 10
1732972174753 0.06826027556985216 11
1732972174808 0.06504512397417941 12
1732972174863 0.0644110239143549 13
1732972174917 0.06552175074688765 14
1732972174971 0.06322682565380339 15
1732972175025 0.06690128098761829 16
1732972175078 0.0638583252363344 17
1732972175132 0.06404651635027604 18
1732972175186 0.0652568393268768 19
1732972175238 0.06939882006690332 20
