1732965619734 2.291373361394625 0
1732965623523 0.12424817459517716 1
1732965627165 0.007947531495015014 2
1732965630741 0.006338837874040099 3
1732965634503 0.00234155542081486 4
1732965639142 0.0022587082541597183 5
1732965642895 0.0028356777148531393 6
1732965646442 0.002446673419236573 7
1732965650048 0.0022565230516249633 8
1732965653696 0.0028857626374202226 9
1732965657354 0.0044825287201606095 10
1732965660889 0.004183448948820996 11
1732965664493 0.0034831036547992664 12
1732965668003 0.005304784159848422 13
1732965671550 0.0022663573310547865 14
1732965675084 0.003642753366780695 15
1732965678821 0.004311085359039217 16
1732965682573 0.004042299901676247 17
1732965686283 0.007455595450414162 18
1732965690088 0.002399701068398977 19
