1732966359342 0.49449689774872185 0
1732966363952 0.026605307237649947 1
1732966368508 0.0026679084945089274 2
1732966373025 0.0022565479715871578 3
1732966377549 0.002296054491323036 4
1732966382116 0.002444326240549049 5
1732966386630 0.0024074285790321517 6
1732966391145 0.0024352853795712084 7
1732966395651 0.00246090991850811 8
1732966400154 0.002344064063383689 9
1732966404658 0.00244311875582814 10
1732966409160 0.002513951604745393 11
1732966413666 0.0023589786946122014 12
1732966418228 0.0024196053651964057 13
1732966422720 0.002617479263526373 14
1732966427223 0.002377276449281872 15
1732966431729 0.0023587571548461684 16
1732966436222 0.0024123742396298855 17
1732966440722 0.0024775368672199367 18
1732966445224 0.002474292510487917 19
1732966449724 0.0023875815350325766 20
1732966454284 0.00251599901641646 21
1732966458786 0.0024336984488651492 22
1732966463376 0.0023748430901561397 23
1732966467896 0.0024141795133862526 24
1732966472445 0.002378459527512806 25
1732966476976 0.002269421315218551 26
1732966481536 0.0025580779647346435 27
1732966486116 0.0024592194271354615 28
