1732972181657 72.51220653862767 0
1732972181717 3.5336588163506355 1
1732972181776 0.28406043995387903 2
1732972181834 0.08644837924678847 3
1732972181891 0.06801078135470646 4
1732972181949 0.06690949998900993 5
1732972182005 0.06553091420399795 6
1732972182063 0.06470279861516305 7
1732972182119 0.06441737319486565 8
1732972182177 0.06385862091278413 9
1732972182234 0.0637361824949602 10
1732972182291 0.06384020927537663 11
1732972182347 0.06357427429797335 12
1732972182404 0.06376765579502922 13
1732972182461 0.06327494028595501 14
