1732972642962 29.000833546204944 0
1732972643051 0.08279059312795663 1
1732972643140 0.07060988428836101 2
1732972643228 0.07497999073662198 3
1732972643316 0.07725901156663895 4
1732972643404 0.07492194853427565 5
1732972643492 0.07139169676787968 6
1732972643578 0.0861991326443995 7
1732972643664 0.0900376468337645 8
1732972643749 0.07638355984341234 9
1732972643834 0.08074640561052715 10
1732972643921 0.0767233762798525 11
1732972644010 0.08540573522756233 12
1732972644096 0.1539167202874818 13
1732972644186 0.16248625431665237 14
1732972644273 0.1690742653223461 15
1732972644360 0.153759101545545 16
1732972644447 0.22917564525365125 17
1732972644532 0.320628470717708 18
1732972644619 0.5447323926743114 19
1732972644705 0.5785640390612422 20
1732972644791 0.8445149913298345 21
1732972644877 0.34831049128932196 22
1732972644962 0.4957749342862718 23
1732972645049 0.1847212892166125 24
1732972645136 0.15413566197930145 25
1732972645223 0.10713220982571502 26
1732972645309 0.22754848635868727 27
1732972645393 0.3642292710778773 28
1732972645478 0.14542831506388415 29
