1732984825630 422.0497415049355 0
1732984825691 9.293954121406177 1
1732984825750 0.6612581259078645 2
1732984825809 0.13404302000364526 3
1732984825867 0.08567872170208712 4
1732984825926 0.06882870383621707 5
1732984825984 0.06380895955499685 6
1732984826041 0.0629057430661299 7
1732984826099 0.06251121020315124 8
1732984826156 0.06235200104064646 9
1732984826212 0.062388535016327754 10
1732984826267 0.061442416964720914 11
1732984826323 0.0611900441990802 12
1732984826379 0.061523652389787215 13
