1732972635468 118.3566421245169 0
1732972635533 0.6480129468503525 1
1732972635597 0.07186816212965676 2
1732972635662 0.06778696536412203 3
1732972635726 0.0661323389404135 4
1732972635793 0.06723862284961117 5
1732972635859 0.06613436432616979 6
1732972635923 0.06490029307935169 7
1732972635988 0.0654849944198495 8
1732972636052 0.06380489491285242 9
1732972636117 0.06368750830491383 10
1732972636183 0.07008268520411841 11
1732972636247 0.11586000682906376 12
1732972636310 0.06802216620327645 13
1732972636375 0.06832053829552268 14
1732972636439 0.06387223355943396 15
