1732966212196 1.902139307451346 0
1732966215618 0.011948697560477138 1
1732966219168 0.023268795861187467 2
1732966222697 0.0021857370646106034 3
1732966226124 0.003555046455392033 4
1732966229537 0.003868571284920097 5
1732966232939 0.0026826896985122466 6
1732966236547 0.004824462640378508 7
1732966240042 0.01723459482918117 8
1732966243424 0.0023701595975023962 9
1732966246870 0.015286304592203084 10
1732966250290 0.0023476761460527826 11
1732966253843 0.009838384650038577 12
1732966257728 0.0031540638313091534 13
1732966261225 0.011105671481576684 14
1732966264686 0.002934077701930942 15
1732966268147 0.006146875453291931 16
1732966271645 0.011550822734314303 17
1732966275087 0.004104125816334503 18
1732966278537 0.011992494068102372 19
1732966281959 0.007370961148092909 20
