1732984666130 54.67983576785547 0
1732984666250 0.0858552088818758 1
1732984666402 0.07242075830908026 2
1732984666551 0.06879990371582118 3
1732984666687 0.07117635131453694 4
1732984666810 0.08062064191018195 5
1732984666929 0.07136911710450118 6
1732984667046 0.06768372351616884 7
1732984667163 0.08561479777185614 8
1732984667280 0.08351871158081521 9
1732984667398 0.06971727727730131 10
1732984667521 0.07404795179271143 11
1732984667642 0.07420276146307613 12
1732984667764 0.07665455901048411 13
1732984667889 0.09843588649484221 14
1732984668010 0.11429344280767895 15
1732984668135 0.2054411214478717 16
1732984668259 0.1656507841121834 17
1732984668386 0.17554852336166493 18
1732984668543 0.2175179945078493 19
1732984668688 0.24218376988916857 20
1732984668817 0.6723715140463211 21
1732984668938 0.37593670368868576 22
1732984669060 0.14891114328892963 23
1732984669186 0.17891981917662686 24
1732984669319 0.23234005990095977 25
1732984669483 0.2501502906697885 26
1732984669622 0.19320168124676063 27
1732984669757 0.6640805277041786 28
1732984669883 0.48398587009001076 29
