1732972599014 148.99039643078856 0
1732972599104 0.5552972477064958 1
1732972599191 0.08039553058573318 2
1732972599277 0.07277490456244548 3
1732972599365 0.06951010482882093 4
1732972599452 0.06861656634133982 5
1732972599538 0.06799575199639551 6
1732972599624 0.06781835718277594 7
1732972599711 0.06592787675478934 8
1732972599797 0.5302041375765992 9
1732972599883 2.345738876094509 10
1732972599973 2.8600220183946585 11
1732972600061 0.1203130788366078 12
1732972600148 0.06313444287200241 13
1732972600235 0.06705786307564879 14
1732972600321 0.06751257427444578 15
1732972600407 0.06139868822514093 16
1732972600492 0.06662411098034215 17
1732972600578 0.06839230366512737 18
1732972600663 0.0649178651894401 19
1732972600749 0.06710589704445954 20
