1732972787482 42.06279051542204 0
1732972787531 1.2103836156527983 1
1732972787580 0.18866722192462645 2
1732972787630 0.07331519960253327 3
1732972787682 0.06784046671842599 4
1732972787732 0.06821010065192044 5
1732972787780 0.0654859890760222 6
1732972787832 0.06488548521036712 7
1732972787883 0.06466360431212122 8
1732972787933 0.06591100468425741 9
1732972787984 0.0664140501241827 10
1732972788034 0.06304922232404962 11
1732972788085 0.06264261397713522 12
1732972788135 0.062175310122521345 13
1732972788186 0.062401986939472985 14
