1732972612224 59.363258407628564 0
1732972612309 0.08551311875094901 1
1732972612393 0.06973697189198913 2
1732972612478 0.0692503484865264 3
1732972612562 0.06852445903077589 4
1732972612647 0.06691463199581173 5
1732972612731 0.06683357151775272 6
1732972612816 0.06500796496902321 7
1732972612900 0.06561192914828907 8
1732972612985 0.06459029344887626 9
1732972613071 0.0654593290451588 10
1732972613159 0.06341715284260872 11
1732972613243 0.06335770010567227 12
1732972613333 0.06294917115732242 13
1732972613418 0.06343727158483269 14
1732972613500 0.06353230786002179 15
1732972613585 0.06318154537904384 16
