1732972603127 77.02592185653944 0
1732972603204 4.715026215974013 1
1732972603280 0.39869574745076086 2
1732972603354 0.10361517754559516 3
1732972603431 0.07155452815187599 4
1732972603506 0.0681254617486458 5
1732972603581 0.06720043386212726 6
1732972603656 0.06870551148239647 7
1732972603731 0.06760540860758496 8
1732972603806 0.06659530867800795 9
1732972603882 0.0656340434483058 10
1732972603958 0.06526000234620448 11
1732972604035 0.06527364320908949 12
1732972604113 0.06457921019008964 13
1732972604189 0.06388108798594835 14
1732972604398 0.06389549708403512 15
1732972604473 0.06392751672216339 16
1732972604549 0.06373513874822818 17
1732972604624 0.06213663800969666 18
1732972604699 0.061848361797262046 19
1732972604774 0.06218826588242025 20
1732972604849 0.06236835051925016 21
1732972604924 0.10712182712052853 22
1732972605003 0.06797878233449102 23
1732972605082 0.06218782420291818 24
1732972605161 0.06323922011343154 25
