1732972594727 42.16975533730747 0
1732972594812 0.07061022163287259 1
1732972594899 0.06872514528486424 2
1732972594987 0.0666561044193377 3
1732972595073 0.06550437128961926 4
1732972595159 0.0736079121228907 5
1732972595244 0.07019895992828798 6
1732972595327 0.06568683976181137 7
1732972595411 0.06998555483226306 8
1732972595499 0.068784744789203 9
1732972595584 0.06817372210179731 10
1732972595736 0.07189932246504749 11
1732972595821 0.06956448445297468 12
1732972595906 0.0763111213891868 13
1732972595994 0.07054179737857817 14
1732972596079 0.08938889395444365 15
1732972596164 0.6258747968511361 16
1732972596248 0.08178998746273362 17
1732972596331 0.06837618091396722 18
1732972596416 0.07679909278196961 19
1732972596500 0.09018984483875474 20
1732972596584 0.14199203358531506 21
