1732972184832 158.68123336117293 0
1732972184888 1.0104600573633196 1
1732972184944 0.07752267189961268 2
1732972184999 0.06749070310242955 3
1732972185052 0.06627155611580296 4
1732972185107 0.06576582312740212 5
1732972185162 0.06450661133836817 6
1732972185218 0.06429707881408768 7
1732972185273 0.06396871562577083 8
1732972185328 0.06396736903283995 9
1732972185383 0.06317580171644942 10
1732972185438 0.06281004095055048 11
1732972185492 0.062169593927685216 12
1732972185546 0.06331245403618392 13
1732972185601 0.06498674835896187 14
