1732967119257 1.2689984983528981 0
1732967122255 0.01565823523071249 1
1732967125155 0.007369853412932058 2
1732967128094 0.0021918780709414606 3
1732967130948 0.002319453447195929 4
1732967133779 0.006077169750587958 5
1732967136665 0.0021847163805518823 6
1732967139562 0.0027113911163845488 7
1732967142442 0.006876411061512775 8
1732967145389 0.010290065547014005 9
1732967148337 0.00226935095038003 10
1732967151362 0.00439164816304735 11
1732967154265 0.0031166338682239334 12
1732967157331 0.004606297318859546 13
1732967160319 0.002280817487624495 14
1732967163458 0.03657794792049883 15
1732967166518 0.0032592636056508963 16
