1732984703053 267.87238222399196 0
1732984703182 0.07829732684493651 1
1732984703310 0.07110955731247887 2
1732984703440 0.06709922390789409 3
1732984703573 0.07952155188209539 4
1732984703708 0.06427176847873223 5
1732984703835 0.06592009022162805 6
1732984703966 0.0656820733731436 7
1732984704096 0.06437480825135959 8
1732984704234 0.0639646088064049 9
1732984704364 0.06498713176715808 10
1732984704503 0.0638402430508536 11
1732984704636 0.062278498943390825 12
1732984704761 0.06433390324153263 13
1732984704883 0.06453163594603344 14
1732984705004 0.06441653375545903 15
1732984705126 0.07475360834580959 16
1732984705247 0.07198330964154394 17
1732984705364 0.07111484271430532 18
1732984705488 0.07293206476034082 19
