1732972777618 90.44107989395927 0
1732972777670 6.271989668951156 1
1732972777721 1.1262860162576196 2
1732972777773 0.3989201668675553 3
1732972777824 0.15303275617213766 4
1732972777874 0.0972427419978687 5
1732972777925 0.08634987113046787 6
1732972777978 0.08161004615373121 7
1732972778029 0.0781059930780527 8
1732972778081 0.07590812065442325 9
1732972778131 0.07453343246323833 10
1732972778182 0.07261673303187303 11
1732972778231 0.0717769743394203 12
1732972778280 0.07069849237306358 13
1732972778328 0.06971266423970197 14
1732972778376 0.06931355111093374 15
1732972778425 0.06856892402495997 16
1732972778472 0.06754126550183458 17
1732972778521 0.06810611955057164 18
1732972778569 0.06643779763371309 19
1732972778618 0.0662895731410602 20
1732972778668 0.06588535949035927 21
1732972778715 0.06507474475368365 22
1732972778763 0.0650967034901685 23
