1732984672531 161.71337007758305 0
1732984672657 0.08794957830139317 1
1732984672787 0.07781229267566565 2
1732984672915 0.07380437136297147 3
1732984673038 0.07186556561086577 4
1732984673163 0.08328915625732479 5
1732984673285 0.0717554860762087 6
1732984673413 0.06782724211857538 7
1732984673543 0.0731941354163394 8
1732984673673 0.06835587299024422 9
1732984673798 0.07032719039840801 10
1732984673930 0.07431459569737622 11
1732984674062 0.06525725488416956 12
1732984674196 0.0721358233413826 13
1732984674326 0.08078460606814447 14
1732984674460 0.08757329182482594 15
1732984674592 0.08475444401162291 16
1732984674719 0.07829307425573043 17
1732984674847 0.10439251753755258 18
1732984674981 0.09477549350552776 19
1732984675113 0.08653012417215318 20
1732984675239 0.10096484428056143 21
1732984675366 0.4536595422736702 22
1732984675503 0.1133959388628392 23
1732984675647 0.0901089534932709 24
1732984675788 6.905339761364561 25
1732984675930 0.08244856214379725 26
1732984676052 0.07822439735813322 27
