1732972761945 1.6799975054961898 0
1732972762058 0.07565121557679538 1
1732972762171 0.07067837659177996 2
1732972762281 0.08577634350456827 3
1732972762393 0.09821038083907464 4
1732972762506 0.09225552621526782 5
1732972762621 0.1364118264361078 6
1732972762734 0.2756621862133774 7
1732972762846 0.10522239447929398 8
1732972762956 0.16982543256264443 9
1732972763067 0.28945091046864224 10
1732972763181 0.1378780900992475 11
1732972763292 0.12545769947868846 12
1732972763402 0.22873994585960586 13
1732972763512 0.21070778669538517 14
1732972763627 0.12704516323091006 15
1732972763739 0.14676872369540556 16
1732972763851 0.13644356653704795 17
1732972763960 0.106509668832527 18
1732972764071 0.09883270236125972 19
1732972764182 0.14856686475325007 20
