1732972615994 3.7577421752676754 0
1732972616081 0.08064656950574904 1
1732972616166 0.08000911168829804 2
1732972616251 0.08140218306011703 3
1732972616340 0.07787390844728548 4
1732972616428 0.09102569195441597 5
1732972616513 0.09362187636671243 6
1732972616599 0.10251784463596515 7
1732972616683 0.10655801069517676 8
1732972616766 0.13499750389608545 9
1732972616850 0.19226894535732364 10
1732972616935 0.5366643082847442 11
1732972617021 0.11940974381000477 12
1732972617108 0.3654691101155958 13
1732972617194 0.12005538518059179 14
1732972617280 0.1396054113885099 15
1732972617363 0.13705233103796835 16
1732972617452 0.1360936116015704 17
1732972617536 0.18166913739269736 18
1732972617620 0.3724684444158752 19
1732972617703 0.13463252568412945 20
1732972617786 0.1266333593555608 21
1732972617870 0.3226848569674517 22
1732972617953 0.13543523159165025 23
