1732972647899 78.87078814820475 0
1732972647985 0.07848892991697543 1
1732972648075 0.06807053046650825 2
1732972648165 0.06634336777864148 3
1732972648255 0.06622224910137732 4
1732972648343 0.06559712879581946 5
1732972648431 0.0648659161835059 6
1732972648518 0.0652433445915868 7
1732972648604 0.06728225139829613 8
1732972648688 0.06531612645384133 9
1732972648772 0.0634322876995292 10
1732972648860 0.06464993884840077 11
1732972648945 0.0647653529889972 12
1732972649030 0.06354197315683681 13
1732972649116 0.06380938801588446 14
1732972649205 0.06554861767116783 15
1732972649292 0.06358545089170449 16
1732972649377 0.06168017329074875 17
1732972649538 0.0656613477553668 18
1732972649628 0.06629114297790357 19
1732972649712 0.06362977999887362 20
1732972649797 0.06547548453149855 21
1732972649883 0.06347991194989946 22
1732972649970 0.06452926370901031 23
1732972650056 0.06282332515870888 24
1732972650145 0.06629170844913193 25
1732972650233 0.06342530645300662 26
1732972650322 0.06753816704443735 27
1732972650408 0.06673917701325624 28
1732972650496 0.07691497688912165 29
