1732966890598 0.20853858144828225 0
1732966895223 0.023697237214554613 1
1732966899824 0.007716527048418964 2
1732966904352 0.0029083609920750237 3
1732966908877 0.0022011314553997225 4
1732966913397 0.0022185028532473623 5
1732966917912 0.0022111382552714638 6
1732966922499 0.0022119495262279496 7
1732966927007 0.0022254875224818373 8
1732966931514 0.0022126814521565594 9
1732966936028 0.0022277621748947735 10
1732966940544 0.0022184480403085916 11
1732966945047 0.0022237438298417004 12
1732966949560 0.00220353207189022 13
1732966954058 0.0022222513302818853 14
