1732984897031 33.46532465879427 0
1732984897116 2.3505352981674283 1
1732984897199 0.2642046956547516 2
1732984897288 0.08897859195106267 3
1732984897377 0.07441893375992423 4
1732984897461 0.06966733147632251 5
1732984897544 0.06792206428542133 6
1732984897634 0.06663976004576144 7
1732984897715 0.06616679461314537 8
1732984897797 0.06604640190717002 9
1732984897879 0.0666847763682576 10
1732984897962 0.0712719555884375 11
1732984898045 0.07089886718384752 12
1732984898129 0.06484612181015931 13
1732984898212 0.06328206196774111 14
1732984898295 0.06563794333274073 15
1732984898377 0.06461110768240813 16
1732984898461 0.06194553055633525 17
