1732972163582 7.461960360212468 0
1732972163669 0.07145680487033813 1
1732972163756 0.06940608073339741 2
1732972163841 0.06709542743781088 3
1732972163928 0.06749553470016112 4
1732972164015 0.06602550466962816 5
1732972164100 0.06555190660310979 6
1732972164187 0.06481968524665256 7
1732972164271 0.06501997337331346 8
1732972164356 0.06605742069315965 9
1732972164442 0.0631013967558346 10
1732972164527 0.06325708977421438 11
1732972164612 0.06223151309739875 12
1732972164698 0.0641134750087001 13
1732972164783 0.06376554116347859 14
1732972164867 0.06288659936461204 15
1732972164953 0.061584871070613945 16
1732972165037 0.06305425819613941 17
1732972165121 0.06423200374595535 18
