1732972627307 91.18655179548423 0
1732972627396 0.09237732952176762 1
1732972627481 0.07226825718438575 2
1732972627567 0.06810491740879408 3
1732972627655 0.06840956794242709 4
1732972627739 0.06703672432061376 5
1732972627824 0.06799093880289228 6
1732972627908 0.06563010740743157 7
1732972627993 0.0643376446149264 8
1732972628078 0.06563367241867173 9
1732972628166 0.06429511209768532 10
1732972628253 0.06402501221154018 11
1732972628338 0.06644603892457521 12
1732972628423 0.0647588835162868 13
1732972628507 0.06765003217630251 14
1732972628596 0.06500775569220209 15
1732972628680 0.06547537132956012 16
1732972628764 0.06698344027857357 17
