1732972177616 71.95630920701088 0
1732972177682 0.32664700043676176 1
1732972177748 0.07183681422083232 2
1732972177813 0.06881873714986374 3
1732972177878 0.06768154650096306 4
1732972177942 0.06722798037288698 5
1732972178007 0.06577996820729118 6
1732972178071 0.06530207809230532 7
1732972178135 0.0668683167252725 8
1732972178200 0.06573898089553286 9
1732972178264 0.066920670973438 10
1732972178329 0.06698430278034767 11
1732972178394 0.0738093260711078 12
1732972178456 0.07089388005188824 13
1732972178520 0.06275653485996299 14
1732972178584 0.0686404203458209 15
1732972178649 0.06443667118274278 16
1732972178714 0.06551084847420562 17
1732972178779 0.06647625161375775 18
1732972178843 0.06600784948226937 19
1732972178908 0.07253616066086062 20
1732972178972 0.07155032759463345 21
1732972179035 0.0709302708657989 22
1732972179099 0.07337931067396171 23
1732972179163 0.06662062166538914 24
1732972179227 0.07386997973858353 25
1732972179290 0.07067963484124018 26
