1732964688498 3.8193055944221244 0
1732964691739 0.054510140254999284 1
1732964694987 0.006483288748751003 2
1732964698131 0.003793635433725038 3
1732964701312 0.0029690687887061885 4
1732964704528 0.00253768714932053 5
1732964707796 0.002383436547676371 6
1732964710909 0.0023260296296687155 7
1732964714032 0.0023071292531610717 8
1732964717245 0.0023121995826883433 9
1732964720397 0.0022786586534960427 10
1732964723558 0.0022804725511692218 11
1732964726799 0.0022906566303743316 12
1732964730011 0.002280171595661826 13
1732964733065 0.0022733274214931853 14
1732964736156 0.0022691607840930835 15
1732964739373 0.002263137306815186 16
1732964742429 0.0022588766675514234 17
1732964745569 0.0022583930711892026 18
1732964748795 0.002262665517854847 19
1732964752077 0.0022563993820407667 20
