1732984638084 5.389770387743622 0
1732984638149 0.11775660366112972 1
1732984638210 0.0681130090225958 2
1732984638270 0.06644502551496635 3
1732984638332 0.06611256627411735 4
1732984638392 0.0662990901845082 5
1732984638454 0.06906475643961596 6
1732984638512 0.06501361081924294 7
1732984638571 0.06307077994164151 8
1732984638629 0.062181004893580485 9
1732984638687 0.06580966579664031 10
1732984638749 0.06704249153275718 11
1732984638808 0.0631643498199801 12
1732984638867 0.06485612539288178 13
1732984638928 0.06626419479565243 14
1732984638990 0.0675905019201165 15
1732984639049 0.06193022191846851 16
1732984639108 0.06354405179556297 17
1732984639169 0.07101071544140529 18
1732984639229 0.06795001295292936 19
1732984639290 0.06415495630054542 20
1732984639352 0.06859848684451494 21
1732984639419 0.06679395843396145 22
1732984639480 0.0709351647812513 23
