1732984713136 27.606683771255092 0
1732984713216 0.07029290989612759 1
1732984713299 0.07054423038264408 2
1732984713377 0.0678847509621597 3
1732984713457 0.06757499142792607 4
1732984713536 0.07350099071620997 5
1732984713616 0.07109725126836074 6
1732984713695 0.07064165677527294 7
1732984713775 0.06707567032713532 8
1732984713853 0.15681214367476928 9
1732984713932 0.07846635271514568 10
1732984714011 0.07234596796590201 11
1732984714092 0.07533298496807728 12
1732984714174 0.07126189473197132 13
1732984714254 0.0895777539600704 14
1732984714332 0.09790965676752124 15
1732984714408 0.08554207999778161 16
1732984714486 0.1643068005743866 17
1732984714572 0.09749838805558134 18
1732984714651 0.15844764053255017 19
1732984714737 0.17652410427025989 20
1732984714845 0.11405623093203457 21
1732984714943 0.13691722718624552 22
1732984715028 0.22290543323948672 23
1732984715107 0.0862915208352585 24
1732984715186 0.40082706901254284 25
1732984715266 0.116599354674409 26
1732984715355 0.1074524341192022 27
1732984715445 0.15974367192361208 28
1732984715530 0.10336916186757965 29
