1732984642143 15.690672811900972 0
1732984642226 0.07340781246588216 1
1732984642309 0.0739803577238167 2
1732984642396 0.0721891884802209 3
1732984642478 0.07431436232155325 4
1732984642558 0.07868866097415247 5
1732984642637 0.07824112564296029 6
1732984642715 0.08233096184632067 7
1732984642797 0.09752886512071646 8
1732984642897 0.07118188490909813 9
1732984643007 0.12736955050639112 10
1732984643089 0.07854503198300608 11
1732984643177 0.21939939659507654 12
1732984643257 0.11422972578917985 13
