1732965438213 0.9437179360141877 0
1732965444244 0.03906268016882919 1
1732965450379 0.0029039336391882154 2
1732965456244 0.0023686312915062783 3
1732965462104 0.0025981658668212918 4
1732965467965 0.0030518860974454534 5
1732965473917 0.0027995089052952893 6
1732965479815 0.0027324978427053156 7
1732965485742 0.00263345707643546 8
1732965491959 0.002506988866877994 9
1732965497882 0.0027532377556416126 10
1732965504028 0.0027761459023264794 11
1732965510598 0.0030303720844001535 12
1732965516559 0.0029486777851634393 13
1732965522574 0.002489612024502665 14
1732965528515 0.0034153438961608993 15
