1732984856933 114.53558769036769 0
1732984857022 0.07768015089737552 1
1732984857116 0.07121417965216154 2
1732984857214 0.06828057621149343 3
1732984857316 0.0660628590357964 4
1732984857413 0.06579281202899319 5
1732984857509 0.06665214598520745 6
1732984857608 0.06964034125116059 7
1732984857718 0.06818435728911375 8
1732984857825 0.0672849317098672 9
1732984857945 0.0630620377427025 10
1732984858039 0.07055514299358669 11
1732984858128 0.06956426550456243 12
1732984858217 0.0637817044044295 13
1732984858306 0.06751830489669265 14
1732984858396 0.0840200305300066 15
1732984858484 0.07253642309175011 16
1732984858578 0.09902043837195575 17
1732984858668 0.08909855623522261 18
1732984858759 0.07239166260625214 19
1732984858856 0.09639124809152297 20
1732984858950 0.07375944536197619 21
1732984859052 0.08513634658981174 22
1732984859149 0.07723780101398998 23
1732984859243 0.09727192155819024 24
1732984859340 0.09864112721607748 25
1732984859444 0.10725919682299337 26
1732984859541 0.09154553643770587 27
1732984859637 0.09226947888775913 28
