1732965850567 1.7046665651246238 0
1732965854027 0.1514368058375862 1
1732965857483 0.04145970665274043 2
1732965860970 0.01448537017529625 3
1732965864492 0.005500036650450748 4
1732965867952 0.0023053435702908866 5
1732965871382 0.0021894036548706073 6
1732965874832 0.0023157315996699367 7
1732965878261 0.0024294850101109723 8
1732965881711 0.0024989132244900313 9
1732965885151 0.0022398917975055607 10
1732965888591 0.0024645432757575397 11
1732965892086 0.0024769978481431645 12
1732965895513 0.0023231592423747036 13
