1732984659079 318.0231653861787 0
1732984659140 16.05999088115436 1
1732984659205 2.325161446863923 2
1732984659272 0.3688518841543654 3
1732984659340 0.16942076036301804 4
1732984659412 0.12273841880210616 5
1732984659485 0.09161978891416676 6
1732984659558 0.07333298867811965 7
1732984659636 0.07013171034801284 8
1732984659707 0.06881341939136967 9
1732984659772 0.0663504081011131 10
1732984659831 0.06567004046325643 11
1732984659890 0.06643273993491423 12
1732984659949 0.06684340920845082 13
