1732984878118 811.9315736733746 0
1732984878205 18.034393276163335 1
1732984878292 1.2756534318812984 2
1732984878379 0.17398535137155416 3
1732984878719 0.09588932655739495 4
1732984878825 0.08327856718497524 5
1732984879138 0.07919086321519266 6
1732984879238 0.10786696962013435 7
1732984879337 0.08030129478275483 8
1732984879440 0.07391419754003704 9
1732984879530 0.07132488424315565 10
1732984879617 0.06967705119949448 11
1732984879698 0.06858759274036523 12
1732984879783 0.0689162047978543 13
1732984879864 0.07029300099785153 14
1732984879947 0.0671011506363393 15
