1732966668450 0.49723386352681315 0
1732966673014 0.026124937991012457 1
1732966677648 0.002231714722607743 2
1732966682156 0.0023279460129389316 3
1732966686659 0.00236428554117524 4
1732966691146 0.00248898571299366 5
1732966695661 0.0023946211147369335 6
1732966700157 0.0025205299537716143 7
1732966704660 0.0024087378139655345 8
1732966709210 0.0023592417045685946 9
1732966713703 0.0024372474723637215 10
1732966718202 0.002665035855009081 11
1732966722683 0.0023259653110121016 12
1732966727186 0.002483098683902693 13
1732966731676 0.0024731637803372666 14
1732966736176 0.002493722649554135 15
1732966740675 0.0025089755857854216 16
1732966745225 0.0024385067275842207 17
1732966749725 0.0025245539942823267 18
1732966754210 0.0024271582205628523 19
1732966758729 0.0023431771887180253 20
1732966763225 0.002623558554933125 21
1732966767719 0.0024180273637340256 22
1732966772203 0.0024621282054642134 23
