1732984685466 32.28725064968338 0
1732984685589 0.0757177052063967 1
1732984685716 0.07216933847050008 2
1732984685863 0.08361879619701071 3
1732984685993 0.07409392806061249 4
1732984686126 0.08995786246238321 5
1732984686254 0.11569905462508434 6
1732984686378 0.11788342019982004 7
1732984686499 0.09030329256087434 8
1732984686623 0.089678978087745 9
1732984686744 0.1157113075334492 10
1732984686867 0.15333805653876806 11
1732984686995 0.23025513607526327 12
1732984687125 0.4973292440732789 13
1732984687255 0.992142016557114 14
1732984687383 1.9563073131458186 15
1732984687504 0.09177057725148137 16
1732984687624 0.4559285418395721 17
1732984687745 1.4860446215511072 18
1732984687870 0.09231101005160781 19
1732984687999 0.16352088419737015 20
1732984688116 0.10259293768981056 21
1732984688231 0.14330833844330146 22
1732984688348 1.3000219507476847 23
1732984688467 0.4337933512837408 24
1732984688589 0.08920462195822858 25
1732984688714 0.23895933199460215 26
1732984688837 0.2972986845062116 27
1732984688957 0.47918693841929827 28
1732984689074 0.27409755420495313 29
