1732972573509 23.1720912686257 0
1732972573557 0.8578837439295739 1
1732972573603 0.16920282434817416 2
1732972573649 0.07236894054789497 3
1732972573696 0.06324149938059104 4
1732972573742 0.062344701159092214 5
1732972573788 0.06208924139153563 6
1732972573836 0.06207443757262905 7
1732972573883 0.061634371701233585 8
1732972573929 0.061321075887259636 9
1732972573976 0.061572817330358846 10
1732972574022 0.06172100441748297 11
1732972574068 0.06108760989052239 12
1732972574114 0.06109007148811443 13
1732972574162 0.06121065207033304 14
1732972574208 0.0633286874947666 15
1732972574254 0.061069320295139125 16
1732972574301 0.06351458766262323 17
1732972574347 0.060518460921510954 18
1732972574392 0.0623885363569927 19
1732972574437 0.061552459892387355 20
