1732972804373 96.43720333582453 0
1732972804422 4.960788954128715 1
1732972804472 0.5594687469472107 2
1732972804523 0.12703860642938528 3
1732972804573 0.06863051029462496 4
1732972804625 0.06486713799325336 5
1732972804676 0.06408025224588418 6
1732972804727 0.06235871011264908 7
1732972804778 0.06229880671937205 8
1732972804828 0.06179255429778635 9
1732972804879 0.0611892807233611 10
1732972804929 0.061288537752458364 11
1732972804979 0.06033342891357173 12
1732972805030 0.06228770261190243 13
1732972805083 0.06248578565486413 14
1732972805132 0.06021187930654518 15
1732972805178 0.05989466793163609 16
1732972805222 0.060026836966450434 17
1732972805268 0.05974695948387552 18
1732972805312 0.05930066796374376 19
1732972805553 0.059704412113092485 20
1732972805599 0.05958297992291821 21
1732972805644 0.05902112911140008 22
1732972805690 0.059475179516225905 23
1732972805738 0.05874517211529983 24
1732972805785 0.05846600631091369 25
