1732888530093 0.1351166106137316 0
1732888533209 0.02963536347492162 1
1732888536448 0.03371397566813436 2
1732888539602 0.031989425131374545 3
1732888542680 0.027972584386213608 4
1732888545815 0.03596088051143535 5
1732888548955 0.0236929430848454 6
1732888552097 0.023579798249009225 7
1732888555283 0.027259050564848144 8
1732888558415 0.015527188996633664 9
1732888561483 0.015822284846584978 10
1732888564424 0.019598750230320428 11
1732888567505 0.012874122492275021 12
1732888570557 0.014631067742325001 13
1732888573610 0.011555053202963931 14
1732888576652 0.013853147412018148 15
1732888579687 0.01061102924545482 16
1732888582786 0.01011035395910826 17
1732888585704 0.010088297542686404 18
1732888588747 0.008040682602659943 19
