1732984605819 22.448160247809476 0
1732984605910 0.07427482399997927 1
1732984605997 0.06857945693834458 2
1732984606091 0.0717882448187698 3
1732984606192 0.06517735698362016 4
1732984606286 0.07506968641195169 5
1732984606374 0.06583769600905579 6
1732984606461 0.09850808526796812 7
1732984606548 0.09088324391814538 8
1732984606634 0.07258581060590177 9
1732984606720 0.07331876436468814 10
1732984606814 0.11808058115467795 11
1732984606909 0.12922017369816163 12
1732984607004 0.174530299549531 13
1732984607100 0.09305076730647895 14
1732984607197 0.13168549014823783 15
1732984607286 0.10352457475169921 16
1732984607378 0.2157613088736101 17
1732984607475 0.14189093774633305 18
1732984607569 0.41731658610519873 19
1732984607660 0.1711978524268865 20
1732984607751 0.1491580070999168 21
1732984607844 0.24173232988231264 22
1732984607933 0.17343250960746542 23
1732984608017 0.18739089218857483 24
1732984608101 0.16874266835616403 25
