1732972800715 118.38961867198363 0
1732972800765 4.913692327512361 1
1732972800813 0.22876697144755298 2
1732972800863 0.08713513076969617 3
1732972800913 0.06880651346750628 4
1732972800962 0.06735121128852936 5
1732972801011 0.06636488542903334 6
1732972801060 0.06545871811220194 7
1732972801110 0.06487421993983061 8
1732972801160 0.0633899872479713 9
1732972801210 0.06337776712240527 10
1732972801259 0.06314143094395036 11
1732972801307 0.06432625878710936 12
1732972801356 0.06185907665890422 13
1732972801405 0.06328876651835731 14
1732972801454 0.06475074247614902 15
1732972801501 0.0635847286322749 16
1732972801551 0.06191275545473139 17
1732972801600 0.06084628847144698 18
1732972801649 0.060787770554047264 19
1732972801697 0.060662311685257216 20
1732972801747 0.06096611462560336 21
1732972801796 0.061663683472120034 22
1732972801846 0.06454723937878332 23
1732972801895 0.06249262234888988 24
1732972801945 0.06100317444841575 25
