1732966120861 1.5904345206507051 0
1732966124362 0.12010400535251055 1
1732966127836 0.02434199712252295 2
1732966131264 0.009477033655454789 3
1732966134707 0.005284937179241844 4
1732966138183 0.002215181834905673 5
1732966141588 0.0022463147553798183 6
1732966145011 0.0022782100868648583 7
1732966148426 0.00256938769868582 8
1732966151834 0.002324505514955356 9
1732966155262 0.002574750350819089 10
1732966158672 0.002905017617083548 11
1732966162086 0.0023663001597957873 12
1732966165566 0.0023804006432802277 13
