1732972784405 84.9918709395167 0
1732972784465 4.2608417038915976 1
1732972784514 0.3599112924739049 2
1732972784563 0.10780501046002165 3
1732972784612 0.0779123071352797 4
1732972784661 0.07166034476517147 5
1732972784711 0.06884875394933851 6
1732972784760 0.06705784119277343 7
1732972784809 0.06568697593820481 8
1732972784858 0.06527160518835975 9
1732972784906 0.06416974816213705 10
1732972784953 0.0645897426309448 11
1732972785002 0.0632237800195818 12
1732972785049 0.06319206356220815 13
