1732972631164 48.6237682660914 0
1732972631252 0.08415465349205124 1
1732972631337 0.07025718307278267 2
1732972631422 0.06864724413747281 3
1732972631507 0.0698961821729357 4
1732972631592 0.0695033459678434 5
1732972631679 0.08017634291974728 6
1732972631766 0.07483092697184034 7
1732972631852 0.07181989534424392 8
1732972631936 0.07669395539739882 9
1732972632019 0.08814901153314939 10
1732972632105 0.07775284526353779 11
1732972632191 0.07681970430769439 12
1732972632277 0.08565407526694295 13
1732972632362 0.1013110390012966 14
1732972632446 0.1155009709545254 15
1732972632530 0.20915735989652748 16
1732972632613 0.20576555495309423 17
1732972632697 0.1902767041010061 18
1732972632782 0.28058482334628254 19
1732972632866 7.515392005590094 20
1732972632949 0.1051214077701943 21
1732972633034 0.07267518986843133 22
