1732972159735 152.88822382655312 0
1732972159824 0.8363852562063524 1
1732972159911 0.08693282110100689 2
1732972160001 0.07742750344804684 3
1732972160088 0.07345793250690558 4
1732972160177 0.07349065212842402 5
1732972160272 0.06919736232607336 6
1732972160371 0.06782807593402687 7
1732972160468 0.0666060244029016 8
1732972160556 0.06574186110415446 9
1732972160647 0.0663907005357297 10
1732972160736 0.06366021012730459 11
1732972160823 0.06568904420570325 12
1732972160910 0.06593032910814249 13
1732972160998 0.06407780517948843 14
1732972161087 0.06279759836740004 15
1732972161178 0.06362630169739765 16
