1732972753788 29.1281383819988 0
1732972753852 0.22987155239236665 1
1732972753916 0.07378418084755368 2
1732972753980 0.07149579932761169 3
1732972754047 0.06801022605812382 4
1732972754112 0.3433816695518081 5
1732972754177 0.1988516494739216 6
1732972754242 0.13388068435554307 7
1732972754307 0.22277586260991813 8
1732972754370 0.07580868448416196 9
1732972754434 0.06335709252559876 10
1732972754498 0.06383537567153168 11
1732972754565 0.06598805204175488 12
1732972754630 0.07414046644930057 13
1732972754693 0.06691470456754368 14
1732972754759 0.07695806861382866 15
1732972754823 0.07356067698281618 16
1732972754886 0.09251067343206727 17
1732972754952 0.07017357240335467 18
1732972755016 0.06802485742087601 19
1732972755080 0.08847098046640849 20
1732972755146 0.09753295146746933 21
1732972755213 0.08402021098619443 22
1732972755277 0.15177244123319297 23
1732972755341 0.7091868327791986 24
1732972755406 0.1503141387095611 25
1732972755470 0.14409421911320894 26
