1732984874638 61.477027910966356 0
1732984874689 3.4167707257097333 1
1732984874739 0.3193187640484768 2
1732984874787 0.10303574812945597 3
1732984874835 0.08403789803449227 4
1732984874883 0.07815167763044857 5
1732984874932 0.07854767894401038 6
1732984874982 0.0736801393088338 7
1732984875034 0.07260223102253095 8
1732984875089 0.07147808629874126 9
1732984875142 0.07076065213718949 10
1732984875197 0.0673333627401669 11
1732984875249 0.06859956219333267 12
1732984875298 0.06808530426697433 13
1732984875350 0.06966362731187549 14
1732984875403 0.06813392361307957 15
