1732972155727 70.61774787381023 0
1732972155800 0.07855452223757532 1
1732972155874 0.06911098452541954 2
1732972155948 0.0677533468377469 3
1732972156021 0.0668639084870641 4
1732972156096 0.06660173600768504 5
1732972156169 0.06734167929263789 6
1732972156243 0.06472557604982009 7
1732972156315 0.06364092247890903 8
1732972156388 0.06330116617580939 9
1732972156460 0.06404453218325128 10
1732972156532 0.06764968630916679 11
1732972156608 0.06652523828496389 12
1732972156682 0.06412091990429157 13
1732972156766 0.06649864416402193 14
1732972156847 0.06497528218892862 15
