1732972224659 135.61455214335925 0
1732972224772 0.09433127009782663 1
1732972224886 0.0808555709069301 2
1732972224999 0.0784061132557507 3
1732972225111 0.07847945403853467 4
1732972225223 0.07433610655897291 5
1732972225333 0.08137038819460117 6
1732972225444 0.0763570067067687 7
1732972225556 0.07952470790749884 8
1732972225666 1.568458765748826 9
1732972225776 0.35846487603903365 10
1732972225888 0.10149902502280578 11
1732972226001 0.06716857681442229 12
1732972226113 0.07893724386802817 13
1732972226228 0.08572758399426292 14
1732972226340 0.1142165128206355 15
1732972226452 0.10738247134321363 16
1732972226567 0.16234599736158045 17
1732972226679 0.08767789853318564 18
1732972226791 0.17762992566470356 19
1732972226905 0.24700049386625014 20
1732972227018 0.28065402468319056 21
