1732984828738 86.07920378264893 0
1732984828786 4.460212059663343 1
1732984828835 0.39621127402194406 2
1732984828883 0.0976395592733275 3
1732984828930 0.06751961793881173 4
1732984828979 0.06553680017243757 5
1732984829027 0.06478906661926509 6
1732984829073 0.065227625356155 7
1732984829121 0.06397583385455104 8
1732984829168 0.06378914444896285 9
1732984829216 0.06398471839962847 10
1732984829263 0.06303120827438478 11
1732984829310 0.06185708772873379 12
1732984829358 0.06175412544116783 13
1732984829407 0.06133038920580227 14
1732984829455 0.06116555474261423 15
1732984829503 0.06083586411773475 16
1732984829551 0.06067339124195265 17
1732984829598 0.06056037534825609 18
1732984829647 0.0629250747904118 19
1732984829697 0.06249921809685344 20
1732984829746 0.06053768337183177 21
1732984829794 0.06079924404523444 22
1732984829844 0.06219584744036569 23
1732984829891 0.06338417856068504 24
1732984829938 0.06287667162103444 25
1732984829987 0.062302586506845836 26
1732984830034 0.059227749606413124 27
1732984830082 0.0615921574234181 28
