1732965119286 6.594715233265486 0
1732965124205 0.17218014985887548 1
1732965128880 0.02474112111022026 2
1732965133571 0.015935286026147397 3
1732965138243 0.0026244497699907123 4
1732965142927 0.00348180231939448 5
1732965147592 0.0031785927707640533 6
1732965152268 0.002539026463909822 7
1732965156942 0.0026762962581535605 8
1732965161669 0.009774098985814566 9
1732965166345 0.009709584861535133 10
1732965171006 0.010525554638677232 11
1732965175695 0.003666978712081984 12
1732965180617 0.00518897421360612 13
1732965185513 0.008463548938416538 14
1732965190583 0.005406205364167292 15
1732965195586 0.007785265854012207 16
1732965200530 0.004123591003098849 17
1732965205483 0.006348515477336787 18
1732965210464 0.0060342482761083695 19
1732965215317 0.004993636894682899 20
1732965220277 0.00495658967210344 21
1732965225222 0.005711605912401501 22
1732965230162 0.0043075833857980205 23
1732965235026 0.009110381877190385 24
