1732972607609 49.14414878841581 0
1732972607708 0.20267840164708373 1
1732972607806 0.07500160067921895 2
1732972607894 0.07053154210615885 3
1732972607984 0.06561084418893055 4
1732972608075 0.06827044385900188 5
1732972608164 0.071277224014613 6
1732972608252 0.07649741045366307 7
1732972608338 0.07027262883454376 8
1732972608424 0.07115105036505712 9
1732972608509 0.06702789401507933 10
1732972608597 0.06985273561890654 11
1732972608684 0.07110648389303735 12
1732972608773 0.07405639958871033 13
1732972608862 0.06552307369991507 14
1732972608947 0.06778049940790985 15
1732972609037 0.06771049213112475 16
1732972609125 0.10057569513239653 17
1732972609215 0.07005260707960094 18
1732972609303 0.0894373474854479 19
1732972609391 0.08253267801313938 20
1732972609477 0.09301330864439242 21
1732972609564 0.14941612500190657 22
1732972609650 0.34786234561125595 23
1732972609736 0.3308684415529201 24
1732972609822 0.1258353573236259 25
