1732984866752 23.051298073708757 0
1732984866818 0.13555440972234062 1
1732984866895 0.07156223835260585 2
1732984866964 0.0655797376474155 3
1732984867033 0.06468755927917333 4
1732984867101 0.06666145001921799 5
1732984867164 0.06692049548796691 6
1732984867231 0.06716275278641255 7
1732984867293 0.06586936388014575 8
1732984867352 0.06955798898870262 9
1732984867410 0.06415664351638986 10
1732984867470 0.06392000454179735 11
1732984867529 0.06382713781169734 12
1732984867586 0.068399114854773 13
1732984867643 0.0646050217644147 14
1732984867700 0.06919851580952785 15
1732984867757 0.06503118582311633 16
1732984867814 0.06986012197701277 17
1732984867872 0.07017733947160555 18
1732984867928 0.0723044344980144 19
