1732967204559 2.912110178530487 0
1732967207532 0.003701111518308279 1
1732967210537 0.01946397817575904 2
1732967213667 0.018773413934367742 3
1732967216547 0.0146107464043624 4
1732967219508 0.012099880108894926 5
1732967222507 0.008331757117387264 6
1732967225517 0.007995613661018591 7
1732967228460 0.005898116572968738 8
1732967231399 0.00492157595783912 9
1732967234391 0.00443853989672479 10
1732967237317 0.003424768999927547 11
1732967240246 0.0029273750086639063 12
1732967243148 0.002598997429276242 13
1732967246064 0.002278602046187407 14
1732967248977 0.0021851454282123066 15
1732967251897 0.0021853513378258913 16
1732967254808 0.0021851573336953015 17
