1732984691754 5.628955702768392 0
1732984691893 0.15484706442088855 1
1732984692022 0.08529993373276717 2
1732984692145 0.07218045947669725 3
1732984692272 0.06861022444913834 4
1732984692400 0.06816948731852648 5
1732984692529 0.06622495484773115 6
1732984692656 0.06479780582063356 7
1732984692789 0.06550468867800346 8
1732984692949 0.06412235376498653 9
1732984693151 0.0629350039051795 10
1732984693293 0.06291211637482413 11
1732984693438 0.06269609462927693 12
1732984693577 0.0636836521996607 13
1732984693707 0.06302618516913713 14
1732984693838 0.0631852502260334 15
1732984693981 0.062461499508161385 16
1732984694114 0.06331357355246345 17
1732984694245 0.061708830137041426 18
1732984694387 0.06158292704417213 19
1732984694515 0.0622701738731797 20
1732984694647 0.06198124542480725 21
1732984694779 0.06075512051523728 22
1732984694898 0.06247183818385977 23
1732984695011 0.06250901925015824 24
1732984695134 0.06295814214964766 25
1732984695255 0.06105597857391979 26
