1732984650145 344.1599538403626 0
1732984650256 0.6563824207196272 1
1732984650376 0.09545001420563301 2
1732984650482 0.07513258710469391 3
1732984650585 0.07004933907937043 4
1732984650687 0.06801483544125123 5
1732984650782 0.06827665747716286 6
1732984650871 0.06579714413745721 7
1732984650959 0.06486298960350607 8
1732984651051 0.06470245547331345 9
1732984651145 0.0650440532236715 10
1732984651249 0.06626912529245434 11
1732984651357 0.0633653983722863 12
1732984651454 0.06314311438322223 13
