1732984853087 333.977714759254 0
1732984853158 8.139675874781975 1
1732984853226 0.9338337072912727 2
1732984853297 0.1691341761808558 3
1732984853367 0.09704853201139095 4
1732984853431 0.08198415431105789 5
1732984853492 0.0766905522940394 6
1732984853552 0.07345488588366889 7
1732984853614 0.07062173035009225 8
1732984853673 0.06940361857414246 9
1732984853739 0.06767473059701201 10
1732984853799 0.06732634659362051 11
1732984853863 0.06645997164093913 12
1732984853924 0.06496713994487861 13
1732984853985 0.06441819154016701 14
1732984854046 0.0641458490878705 15
1732984854108 0.06473928200088927 16
1732984854169 0.06344087028485836 17
