1732966288278 6.96175016767373 0
1732966291584 0.00582223740249603 1
1732966294948 0.09701780078619407 2
1732966298087 0.07618266706360073 3
1732966301318 0.018523412223369402 4
1732966304555 0.011347931476303549 5
1732966307779 0.00560075310750152 6
1732966311003 0.003820998342136584 7
1732966314225 0.002874344918720155 8
1732966317443 0.004266427363677632 9
1732966320653 0.002195329207809808 10
1732966323863 0.0023162916144196482 11
1732966327075 0.002689140144031374 12
1732966330177 0.0023755270530360696 13
1732966333377 0.0023028874837321515 14
1732966336652 0.0030341577350897066 15
1732966339758 0.0027353344238195483 16
1732966342739 0.007151757125574102 17
1732966345845 0.0022352773075934003 18
1732966348948 0.005748300566447044 19
1732966352041 0.004867893754506945 20
