1732972808224 112.82590087370593 0
1732972808272 2.4675661125405037 1
1732972808323 0.25890576926871073 2
1732972808373 0.0983718304468428 3
1732972808424 0.0769428166282134 4
1732972808474 0.07342827394580263 5
1732972808524 0.07141220320891607 6
1732972808575 0.07081995515188831 7
1732972808626 0.06987911869623122 8
1732972808679 0.0696774951061121 9
1732972808730 0.06817202851718389 10
1732972808781 0.06611802276823411 11
1732972808830 0.0661656216387669 12
1732972808881 0.06531539118581035 13
1732972808932 0.06496264239005752 14
1732972808984 0.06464249580995993 15
1732972809034 0.06595379355421851 16
1732972809083 0.06595816098029049 17
1732972809131 0.06655124266717677 18
1732972809180 0.06529018907068754 19
1732972809228 0.06404375392114557 20
1732972809278 0.06147392275821026 21
1732972809327 0.06429519776104708 22
1732972809374 0.0654372977345 23
1732972809423 0.061180283750463256 24
1732972809470 0.06987845264216479 25
1732972809519 0.06568926027376157 26
1732972809569 0.06888451210614777 27
1732972809618 0.06932056760180391 28
1732972809667 0.06526439994578477 29
