1732965752920 1.8282495466344963 0
1732965756501 0.17425414327633626 1
1732965760094 0.0031996139817685922 2
1732965763662 0.0024781583472375797 3
1732965767281 0.0025141504043742747 4
1732965770835 0.0027256188785425984 5
1732965774372 0.002779872251682317 6
1732965777895 0.0052317352936558 7
1732965781413 0.004452134544784109 8
1732965784927 0.005717179452484986 9
1732965788446 0.007105757351621154 10
1732965791933 0.005671601545844986 11
1732965795496 0.004375924125524292 12
1732965798995 0.0034374282368737083 13
1732965802467 0.007229925462815301 14
1732965805961 0.013024976235128707 15
1732965809423 0.0031941332993875226 16
1732965812895 0.007287549516198301 17
1732965816366 0.01520088713876686 18
1732965819905 0.0042230263857468454 19
1732965823375 0.005307430756669293 20
1732965826846 0.006745237633665401 21
1732965830298 0.004733210352427254 22
1732965833755 0.00411843671207523 23
1732965837218 0.009235512538152909 24
1732965840677 0.004559960687158135 25
1732965844188 0.016940268128592572 26
