1732972206667 42.11434737223947 0
1732972206745 2.173271512055311 1
1732972206825 0.25813210755342425 2
1732972206903 0.08778942124115291 3
1732972206980 0.07269949734855659 4
1732972207057 0.06789052251009658 5
1732972207135 0.06708701503390134 6
1732972207212 0.06877140992149218 7
1732972207289 0.0643164138057825 8
1732972207366 0.06597095319616017 9
1732972207562 0.06737789689337023 10
1732972207640 0.06325285007273006 11
1732972207718 0.06339466546655131 12
1732972207796 0.061813864160984784 13
1732972207874 0.06527052971133636 14
1732972207951 0.06496448913037836 15
1732972208027 0.06273869328354664 16
1732972208103 0.06239059711041821 17
