1732984646074 78.63171779639075 0
1732984646186 0.08067214065782362 1
1732984646293 0.06946831067119884 2
1732984646398 0.06788049754511134 3
1732984646502 0.06720831786578149 4
1732984646623 0.06747775024119966 5
1732984646716 0.06777344880700698 6
1732984646809 0.06970471525653313 7
1732984646913 0.07694299026752292 8
1732984647010 0.07177993612713753 9
1732984647100 0.0745078378849364 10
1732984647197 0.07472370279954715 11
1732984647295 0.07400824888558984 12
1732984647388 0.0810095116469224 13
1732984647477 13.65564796581537 14
