1732984601511 166.193266780757 0
1732984601561 3.961374948783532 1
1732984601610 0.407719674471049 2
1732984601658 0.1024417690407718 3
1732984601705 0.0710227499801149 4
1732984601761 0.06877140848314672 5
1732984601810 0.06857545831601215 6
1732984601856 0.06771374558306491 7
1732984601902 0.06698010774937976 8
1732984601947 0.065341522152191 9
1732984601993 0.06496231134105455 10
1732984602038 0.06521109579743342 11
1732984602084 0.06434471408037701 12
1732984602131 0.06522305078269693 13
1732984602177 0.06423888621917126 14
1732984602222 0.06524099790045802 15
1732984602267 0.06245444514045399 16
1732984602313 0.06230351109312855 17
