1732984678899 44.78745071374927 0
1732984679033 0.07548165889606441 1
1732984679177 0.06912129701419527 2
1732984679321 0.07483871876509687 3
1732984679457 0.07556534250596827 4
1732984679586 0.10499821232600667 5
1732984679718 0.0796253819718239 6
1732984679862 0.09917107854992083 7
1732984679991 0.1306887984114645 8
1732984680117 0.11627544322631392 9
1732984680255 0.21669417238262825 10
1732984680408 0.09097944508465107 11
1732984680559 0.5195476616143946 12
1732984680684 0.17097043918805294 13
1732984680831 0.3446579786088966 14
1732984680970 1.5023354282929287 15
1732984681095 1.0185927340180239 16
1732984681217 0.21466780897878265 17
1732984681341 0.16546313212015362 18
1732984681469 0.12102575058997243 19
1732984681593 1.3338160613049292 20
1732984681729 2.4969793941028313 21
1732984681867 0.2719170756025105 22
1732984681988 0.10421391102045491 23
1732984682111 0.10010262289835718 24
1732984682236 0.15516287141141638 25
1732984682376 0.1737664257432937 26
1732984682506 0.14613924115183158 27
1732984682634 0.12762359418133679 28
1732984682768 0.23586805658588952 29
