1732967064364 0.0923644730850037 0
1732967067244 0.031454542861637395 1
1732967070164 0.021561552377885766 2
1732967073148 0.015007506782205105 3
1732967075985 0.011515715226921044 4
1732967078871 0.005852437892448892 5
1732967081726 0.006692154606220107 6
1732967084566 0.00458324396426976 7
1732967087446 0.0035831581486126577 8
1732967090339 0.003099328828344326 9
1732967093230 0.0028489019484260534 10
1732967096096 0.002613544650738136 11
1732967099047 0.0024149151786697584 12
1732967101946 0.0021997546534215954 13
1732967104842 0.0022031490637924806 14
1732967107712 0.002186874840357283 15
1732967110611 0.0021826162031687896 16
1732967113510 0.0021939903895307794 17
