1732972170843 117.14832276932258 0
1732972170907 0.6814944895807933 1
1732972170970 0.08652264917142975 2
1732972171034 0.07094330100818214 3
1732972171099 0.06857020134409698 4
1732972171164 0.06668064931315384 5
1732972171228 0.06639088940953512 6
1732972171292 0.06683375768947117 7
1732972171356 0.06457070581876266 8
1732972171422 0.10861132900535533 9
1732972171485 0.06323918928302183 10
1732972171549 0.06509012140892874 11
1732972171612 0.0634489112317816 12
1732972171678 0.06290450625998276 13
1732972171743 0.06459941824648428 14
1732972171808 0.06665208703502207 15
