1732964911014 7.5967759986789005 0
1732964917036 0.006574665166617646 1
1732964922909 0.006356524066887082 2
1732964928768 0.008569458148779387 3
1732964934650 0.06452371727766683 4
1732964940569 0.026697023323011725 5
1732964946457 0.011408744677104808 6
1732964952331 0.030224781028885737 7
1732964958219 0.022455760063657987 8
1732964964117 0.03670832654011099 9
1732964970026 0.023775550273089738 10
1732964975942 0.02038887378038008 11
1732964981930 0.02096075483243077 12
1732964987862 0.02863560443440337 13
1732964993805 0.019805196993401334 14
1732964999767 0.044801126072748734 15
1732965005703 0.020058030576577617 16
1732965011669 0.020327218214600325 17
1732965017614 0.01924251387187641 18
