1732984708054 69.23532079611009 0
1732984708135 4.146318377466016 1
1732984708216 0.4314016994493041 2
1732984708297 0.08566525357496696 3
1732984708379 0.07846926179079883 4
1732984708459 0.07713399025034959 5
1732984708537 0.07187698402245761 6
1732984708615 0.06682376518371808 7
1732984708695 0.0710084009848435 8
1732984708775 0.066593568280012 9
1732984708856 0.06572596927581557 10
1732984708936 0.06613604859206294 11
1732984709016 0.0651665270177117 12
1732984709321 0.06322574101556953 13
1732984709404 0.0659425978163292 14
1732984709489 0.06514227991634922 15
1732984709571 0.06155319730450544 16
1732984709653 0.06268014209372456 17
1732984709736 0.062306471184867984 18
1732984709820 0.06268326992853397 19
1732984709902 0.06332544676204933 20
1732984709988 0.07373466402028514 21
1732984710071 0.06844166930739272 22
1732984710152 0.07261985404125709 23
1732984710236 0.06233757861893867 24
1732984710318 0.06268561668315507 25
1732984710401 0.060568171572544585 26
