1732965276355 0.19287554610712804 0
1732965279190 0.028850852000275724 1
1732965282189 0.029044696212513654 2
1732965285076 0.013353581629885824 3
1732965288024 0.01308364529154939 4
1732965290924 0.01071910390657393 5
1732965293810 0.00839793062563471 6
1732965296700 0.007404537121655813 7
1732965299588 0.005814159221530262 8
1732965302478 0.0059862763907673235 9
1732965305441 0.004221013143993123 10
1732965308348 0.0034922572831064497 11
1732965311257 0.002956394593022971 12
1732965314152 0.002594711860355346 13
1732965317051 0.002337591050855224 14
1732965319966 0.0022052980862680084 15
1732965322932 0.002184392890512101 16
1732965325842 0.002182673675218878 17
1732965328750 0.002184211486795485 18
