1732972188004 122.19155747677138 0
1732972188092 0.6717699165448365 1
1732972188180 0.0847834210680454 2
1732972188269 0.07943485381514546 3
1732972188357 0.15289427579836312 4
1732972188445 0.09241473870135182 5
1732972188533 0.7390299002993735 6
1732972188622 0.07634071736883156 7
1732972188711 0.06858637092817577 8
1732972188805 0.06983520362864397 9
1732972188893 0.06635465649005742 10
1732972188983 0.06974092662891221 11
1732972189070 0.06705908002334905 12
1732972189229 0.07340030806332641 13
1732972189319 0.07634417146629914 14
1732972189407 0.08072851787274567 15
1732972189496 0.07613149467612712 16
1732972189583 0.06894846789243377 17
1732972189670 0.07162568414164387 18
1732972189763 0.06820847178552628 19
