1732966779347 0.5051395882221766 0
1732966783907 0.010727754392841614 1
1732966788478 0.0026476503979034785 2
1732966792990 0.0025377815390589735 3
1732966797500 0.003355016185995657 4
1732966802075 0.002410770659426934 5
1732966806750 0.0025492258543627494 6
1732966811257 0.0035088033056226114 7
1732966815759 0.003452774646895535 8
1732966820271 0.0027356413688862653 9
1732966824785 0.002713100899797341 10
1732966829357 0.003223805817452795 11
1732966833848 0.002597671927235533 12
1732966838365 0.0028230162420147488 13
1732966842867 0.0030004961416775157 14
1732966847372 0.002664400339971609 15
1732966851870 0.0027844951924773658 16
1732966856365 0.002408270427794405 17
1732966860855 0.0027808029409923944 18
1732966865442 0.0028655507362200508 19
1732966869942 0.002697343350925223 20
1732966874444 0.0027501461402425066 21
1732966878941 0.0029466308246067466 22
1732966883433 0.0030721090438985167 23
