1732984629162 318.21229994089947 0
1732984629236 1.1472100490836659 1
1732984629302 0.07909900615964316 2
1732984629369 0.06910152754327267 3
1732984629439 0.06802697840410153 4
1732984629509 0.06786800858569864 5
1732984629578 0.06682659345317261 6
1732984629650 0.06550776500588204 7
1732984629720 0.06521243014977589 8
1732984629790 0.0647530848058432 9
1732984629872 0.06451104079278247 10
1732984629947 0.06526581244131105 11
1732984630025 0.06477979524717374 12
1732984630100 0.06827685770510611 13
1732984630179 0.06448054475320905 14
1732984630257 0.06358394036524337 15
1732984630326 0.06264695031272315 16
1732984630399 0.06300234436129241 17
1732984630474 0.06248767733920679 18
1732984630548 0.08868309601736006 19
1732984630618 0.09170461835303646 20
1732984630687 0.06155545360453595 21
1732984630756 0.06286978708431784 22
