1732972774324 6.539434461271673 0
1732972774376 0.365123983727776 1
1732972774426 0.08959499426413192 2
1732972774478 0.07435101503887867 3
1732972774529 0.07078861349705828 4
1732972774579 0.06878056597930414 5
1732972774632 0.06763642975558065 6
1732972774683 0.06606128346388632 7
1732972774732 0.06513383653062517 8
1732972774781 0.06570013918492959 9
1732972774830 0.0648688744547249 10
1732972774879 0.06497365994771478 11
1732972774928 0.06501133782561394 12
1732972774976 0.07020307204926338 13
1732972775023 0.06367139025951206 14
1732972775072 0.0641098375038724 15
1732972775119 0.06688190712885012 16
1732972775167 0.06458794416921407 17
1732972775215 0.06253330205374567 18
