1732984718110 35.43632519889839 0
1732984718199 0.07022437262304569 1
1732984718289 0.06505577336790444 2
1732984718379 0.08582037646031622 3
1732984718467 0.07394563709271224 4
1732984718559 0.06809404854040309 5
1732984718663 0.06806737135928484 6
1732984718758 0.06745364311111829 7
1732984718848 0.06756943457197338 8
1732984718936 0.0747764408112217 9
1732984719028 0.07208376469640644 10
1732984719121 0.08999485301994879 11
1732984719213 0.12445586491211326 12
1732984719305 0.09808586571537757 13
1732984719396 0.09203994806009759 14
1732984719490 0.1062110570933693 15
1732984719579 0.09515602306942986 16
1732984719671 0.20966100588719286 17
1732984719760 0.15046648446364272 18
1732984719849 1.2550058532683273 19
1732984719940 0.11121775846902716 20
