1732972793891 21.084320003577663 0
1732972793940 0.9736827509651728 1
1732972793989 0.17508483583840806 2
1732972794038 0.08105734462466095 3
1732972794087 0.07500211055192428 4
1732972794134 0.07334752292447073 5
1732972794183 0.07808833679667225 6
1732972794233 0.06952597206487143 7
1732972794284 0.06933781028438575 8
1732972794333 0.07227111333551972 9
1732972794382 0.06622188800096668 10
1732972794431 0.06766580115309 11
1732972794480 0.0662253375318706 12
1732972794528 0.06576378477455866 13
1732972794575 0.06296360742768395 14
