1732888340416 0.11854528724629569 0
1732888343543 0.046970570134565626 1
1732888346769 0.05392214281479498 2
1732888349964 0.032959973683114305 3
1732888353101 0.04088283391788613 4
1732888356240 0.0344488522247349 5
1732888359380 0.0309101317215001 6
1732888362569 0.03568564105935777 7
1732888365730 0.02205783899732516 8
1732888368807 0.02348255835361117 9
1732888371948 0.025190841259779786 10
1732888375074 0.025233756216592185 11
1732888378198 0.023741009276816754 12
1732888381321 0.019173057777609928 13
1732888384506 0.017450278431046132 14
1732888387632 0.018846147354210807 15
1732888390763 0.018099057564072638 16
1732888393893 0.01590507039668827 17
1732888397072 0.017429524374203056 18
1732888400200 0.014408732550234567 19
