1732984893686 21.640195523889602 0
1732984893746 0.15223759519725658 1
1732984893807 0.06539306525166642 2
1732984893867 0.06513379780396755 3
1732984893928 0.06935395185125338 4
1732984893990 0.06524136919627148 5
1732984894051 0.063308031800359 6
1732984894109 0.06348592375647197 7
1732984894167 0.06450143627277831 8
1732984894224 0.06347366230838887 9
1732984894281 0.06638694396324918 10
1732984894338 0.06401832720068822 11
1732984894397 0.06756296059374964 12
1732984894454 0.06657965250144783 13
