1732972202989 219.8876155139344 0
1732972203048 9.697823383639344 1
1732972203107 1.0677593154854088 2
1732972203165 0.16901126600648098 3
1732972203224 0.09534888996604386 4
1732972203282 0.0834344690821281 5
1732972203339 0.07924060331811986 6
1732972203396 0.0767834946728073 7
1732972203453 0.4165643577456904 8
1732972203511 0.0990151621423288 9
1732972203568 0.07160056082538525 10
1732972203625 0.06861972526541228 11
1732972203682 0.06719385858433476 12
1732972203739 0.0662283082549121 13
1732972203797 0.06666054187378544 14
1732972203856 0.06518216952022197 15
1732972203914 0.06497643804968244 16
1732972203973 0.0641524805185229 17
1732972204031 0.06349590908392888 18
1732972204090 0.06311680373599278 19
1732972204149 0.06340859762613635 20
1732972204207 0.06376630568560011 21
1732972204266 0.07887582753680253 22
