1732972736990 934.8535916366877 0
1732972737078 2.0156282006727206 1
1732972737168 0.0879271530330435 2
1732972737257 0.07619626242551442 3
1732972737345 0.07441279326539006 4
1732972737434 0.07254627757739021 5
1732972737524 0.07321900107095922 6
1732972737613 0.07073482643215823 7
1732972737700 0.0699585362638813 8
1732972737787 0.06956249553135128 9
1732972737875 0.06923017869158597 10
1732972737962 0.0681864414638826 11
1732972738050 3.5361639645325478 12
1732972738138 2.5896956771807527 13
1732972738225 0.09141111049357886 14
1732972738312 0.06771236097410209 15
1732972738399 0.06609419185542466 16
