1732984654040 175.1361214305799 0
1732984654156 0.5343850367711396 1
1732984654270 0.07256830269998896 2
1732984654386 0.06932066933605094 3
1732984654490 0.06714792744116446 4
1732984654594 0.0665240083201152 5
1732984654699 0.06491511905830205 6
1732984654795 1.1117084602407454 7
1732984654891 0.10015044877838596 8
1732984654985 0.06740739912048632 9
1732984655078 0.06467341150452331 10
1732984655176 0.06789358591606523 11
1732984655277 0.06999031975450222 12
1732984655374 0.061751849600152085 13
1732984655469 0.06299891738115432 14
1732984655565 0.06182978162068845 15
1732984655658 0.06241464025610512 16
1732984655753 0.06855632695398421 17
1732984655848 0.06280791664252473 18
1732984655942 0.06358986806157416 19
1732984656036 0.07314077575005144 20
1732984656133 0.06788781334370404 21
1732984656230 0.07615280853201624 22
1732984656326 0.06669966524368581 23
